"V1" "V2" "V3"
"1" 1 2 0.5
"2" 1 3 1
"3" 1 4 1.5
"4" 1 7 0.7071068
"5" 1 8 1.118034
"6" 1 9 1.5811388
"7" 1 11 1
"8" 1 12 1.118034
"9" 1 14 1.8027756
"10" 1 16 1.5
"11" 1 17 1.5811388
"12" 1 18 1.8027756
"13" 1 19 2.1213203
"14" 1 20 2.5
"15" 1 22 2.0615528
"16" 1 23 2.236068
"17" 1 25 2.8284271
"18" 2 1 0.5
"19" 2 3 0.5
"20" 2 4 1
"21" 2 5 1.5
"22" 2 7 0.5
"23" 2 8 0.7071068
"24" 2 9 1.118034
"25" 2 11 1.118034
"26" 2 12 1
"27" 2 13 1.118034
"28" 2 14 1.4142136
"29" 2 16 1.5811388
"30" 2 17 1.5
"31" 2 18 1.5811388
"32" 2 19 1.8027756
"33" 2 20 2.1213203
"34" 2 21 2.0615528
"35" 2 22 2
"36" 2 23 2.0615528
"37" 2 25 2.5
"38" 3 1 1
"39" 3 2 0.5
"40" 3 4 0.5
"41" 3 5 1
"42" 3 7 0.7071068
"43" 3 8 0.5
"44" 3 9 0.7071068
"45" 3 11 1.4142136
"46" 3 12 1.118034
"47" 3 13 1
"48" 3 14 1.118034
"49" 3 16 1.8027756
"50" 3 17 1.5811388
"51" 3 18 1.5
"52" 3 19 1.5811388
"53" 3 20 1.8027756
"54" 3 21 2.236068
"55" 3 22 2.0615528
"56" 3 23 2
"57" 3 25 2.236068
"58" 4 1 1.5
"59" 4 2 1
"60" 4 3 0.5
"61" 4 5 0.5
"62" 4 7 1.118034
"63" 4 8 0.7071068
"64" 4 9 0.5
"65" 4 11 1.8027756
"66" 4 12 1.4142136
"67" 4 13 1.118034
"68" 4 14 1
"69" 4 16 2.1213203
"70" 4 17 1.8027756
"71" 4 18 1.5811388
"72" 4 19 1.5
"73" 4 20 1.5811388
"74" 4 21 2.5
"75" 4 22 2.236068
"76" 4 23 2.0615528
"77" 4 25 2.0615528
"78" 5 2 1.5
"79" 5 3 1
"80" 5 4 0.5
"81" 5 7 1.5811388
"82" 5 8 1.118034
"83" 5 9 0.7071068
"84" 5 11 2.236068
"85" 5 12 1.8027756
"86" 5 14 1.118034
"87" 5 16 2.5
"88" 5 17 2.1213203
"89" 5 18 1.8027756
"90" 5 19 1.5811388
"91" 5 20 1.5
"92" 5 22 2.5
"93" 5 23 2.236068
"94" 5 25 2
"95" 7 1 0.7071068
"96" 7 2 0.5
"97" 7 3 0.7071068
"98" 7 4 1.118034
"99" 7 5 1.5811388
"100" 7 8 0.5
"101" 7 9 1
"102" 7 11 0.7071068
"103" 7 12 0.5
"104" 7 13 0.7071068
"105" 7 14 1.118034
"106" 7 16 1.118034
"107" 7 17 1
"108" 7 18 1.118034
"109" 7 19 1.4142136
"110" 7 20 1.8027756
"111" 7 21 1.5811388
"112" 7 22 1.5
"113" 7 23 1.5811388
"114" 7 25 2.1213203
"115" 8 1 1.118034
"116" 8 2 0.7071068
"117" 8 3 0.5
"118" 8 4 0.7071068
"119" 8 5 1.118034
"120" 8 7 0.5
"121" 8 9 0.5
"122" 8 11 1.118034
"123" 8 12 0.7071068
"124" 8 13 0.5
"125" 8 14 0.7071068
"126" 8 16 1.4142136
"127" 8 17 1.118034
"128" 8 18 1
"129" 8 19 1.118034
"130" 8 20 1.4142136
"131" 8 21 1.8027756
"132" 8 22 1.5811388
"133" 8 23 1.5
"134" 8 25 1.8027756
"135" 9 1 1.5811388
"136" 9 2 1.118034
"137" 9 3 0.7071068
"138" 9 4 0.5
"139" 9 5 0.7071068
"140" 9 7 1
"141" 9 8 0.5
"142" 9 11 1.5811388
"143" 9 12 1.118034
"144" 9 13 0.7071068
"145" 9 14 0.5
"146" 9 16 1.8027756
"147" 9 17 1.4142136
"148" 9 18 1.118034
"149" 9 19 1
"150" 9 20 1.118034
"151" 9 21 2.1213203
"152" 9 22 1.8027756
"153" 9 23 1.5811388
"154" 9 25 1.5811388
"155" 11 1 1
"156" 11 2 1.118034
"157" 11 3 1.4142136
"158" 11 4 1.8027756
"159" 11 5 2.236068
"160" 11 7 0.7071068
"161" 11 8 1.118034
"162" 11 9 1.5811388
"163" 11 12 0.5
"164" 11 13 1
"165" 11 14 1.5
"166" 11 16 0.5
"167" 11 17 0.7071068
"168" 11 18 1.118034
"169" 11 19 1.5811388
"170" 11 20 2.0615528
"171" 11 21 1
"172" 11 22 1.118034
"173" 11 23 1.4142136
"174" 11 25 2.236068
"175" 12 1 1.118034
"176" 12 2 1
"177" 12 3 1.118034
"178" 12 4 1.4142136
"179" 12 5 1.8027756
"180" 12 7 0.5
"181" 12 8 0.7071068
"182" 12 9 1.118034
"183" 12 11 0.5
"184" 12 13 0.5
"185" 12 14 1
"186" 12 16 0.7071068
"187" 12 17 0.5
"188" 12 18 0.7071068
"189" 12 19 1.118034
"190" 12 20 1.5811388
"191" 12 21 1.118034
"192" 12 22 1
"193" 12 23 1.118034
"194" 12 25 1.8027756
"195" 13 2 1.118034
"196" 13 3 1
"197" 13 4 1.118034
"198" 13 7 0.7071068
"199" 13 8 0.5
"200" 13 9 0.7071068
"201" 13 11 1
"202" 13 12 0.5
"203" 13 14 0.5
"204" 13 16 1.118034
"205" 13 17 0.7071068
"206" 13 18 0.5
"207" 13 19 0.7071068
"208" 13 20 1.118034
"209" 13 22 1.118034
"210" 13 23 1
"211" 13 25 1.4142136
"212" 14 1 1.8027756
"213" 14 2 1.4142136
"214" 14 3 1.118034
"215" 14 4 1
"216" 14 5 1.118034
"217" 14 7 1.118034
"218" 14 8 0.7071068
"219" 14 9 0.5
"220" 14 11 1.5
"221" 14 12 1
"222" 14 13 0.5
"223" 14 16 1.5811388
"224" 14 17 1.118034
"225" 14 18 0.7071068
"226" 14 19 0.5
"227" 14 20 0.7071068
"228" 14 21 1.8027756
"229" 14 22 1.4142136
"230" 14 23 1.118034
"231" 14 25 1.118034
"232" 16 1 1.5
"233" 16 2 1.5811388
"234" 16 3 1.8027756
"235" 16 4 2.1213203
"236" 16 5 2.5
"237" 16 7 1.118034
"238" 16 8 1.4142136
"239" 16 9 1.8027756
"240" 16 11 0.5
"241" 16 12 0.7071068
"242" 16 13 1.118034
"243" 16 14 1.5811388
"244" 16 17 0.5
"245" 16 18 1
"246" 16 19 1.5
"247" 16 20 2
"248" 16 21 0.5
"249" 16 22 0.7071068
"250" 16 23 1.118034
"251" 16 25 2.0615528
"252" 17 1 1.5811388
"253" 17 2 1.5
"254" 17 3 1.5811388
"255" 17 4 1.8027756
"256" 17 5 2.1213203
"257" 17 7 1
"258" 17 8 1.118034
"259" 17 9 1.4142136
"260" 17 11 0.7071068
"261" 17 12 0.5
"262" 17 13 0.7071068
"263" 17 14 1.118034
"264" 17 16 0.5
"265" 17 18 0.5
"266" 17 19 1
"267" 17 20 1.5
"268" 17 21 0.7071068
"269" 17 22 0.5
"270" 17 23 0.7071068
"271" 17 25 1.5811388
"272" 18 1 1.8027756
"273" 18 2 1.5811388
"274" 18 3 1.5
"275" 18 4 1.5811388
"276" 18 5 1.8027756
"277" 18 7 1.118034
"278" 18 8 1
"279" 18 9 1.118034
"280" 18 11 1.118034
"281" 18 12 0.7071068
"282" 18 13 0.5
"283" 18 14 0.7071068
"284" 18 16 1
"285" 18 17 0.5
"286" 18 19 0.5
"287" 18 20 1
"288" 18 21 1.118034
"289" 18 22 0.7071068
"290" 18 23 0.5
"291" 18 25 1.118034
"292" 19 1 2.1213203
"293" 19 2 1.8027756
"294" 19 3 1.5811388
"295" 19 4 1.5
"296" 19 5 1.5811388
"297" 19 7 1.4142136
"298" 19 8 1.118034
"299" 19 9 1
"300" 19 11 1.5811388
"301" 19 12 1.118034
"302" 19 13 0.7071068
"303" 19 14 0.5
"304" 19 16 1.5
"305" 19 17 1
"306" 19 18 0.5
"307" 19 20 0.5
"308" 19 21 1.5811388
"309" 19 22 1.118034
"310" 19 23 0.7071068
"311" 19 25 0.7071068
"312" 20 1 2.5
"313" 20 2 2.1213203
"314" 20 3 1.8027756
"315" 20 4 1.5811388
"316" 20 5 1.5
"317" 20 7 1.8027756
"318" 20 8 1.4142136
"319" 20 9 1.118034
"320" 20 11 2.0615528
"321" 20 12 1.5811388
"322" 20 13 1.118034
"323" 20 14 0.7071068
"324" 20 16 2
"325" 20 17 1.5
"326" 20 18 1
"327" 20 19 0.5
"328" 20 21 2.0615528
"329" 20 22 1.5811388
"330" 20 23 1.118034
"331" 20 25 0.5
"332" 21 2 2.0615528
"333" 21 3 2.236068
"334" 21 4 2.5
"335" 21 7 1.5811388
"336" 21 8 1.8027756
"337" 21 9 2.1213203
"338" 21 11 1
"339" 21 12 1.118034
"340" 21 14 1.8027756
"341" 21 16 0.5
"342" 21 17 0.7071068
"343" 21 18 1.118034
"344" 21 19 1.5811388
"345" 21 20 2.0615528
"346" 21 22 0.5
"347" 21 23 1
"348" 21 25 2
"349" 22 1 2.0615528
"350" 22 2 2
"351" 22 3 2.0615528
"352" 22 4 2.236068
"353" 22 5 2.5
"354" 22 7 1.5
"355" 22 8 1.5811388
"356" 22 9 1.8027756
"357" 22 11 1.118034
"358" 22 12 1
"359" 22 13 1.118034
"360" 22 14 1.4142136
"361" 22 16 0.7071068
"362" 22 17 0.5
"363" 22 18 0.7071068
"364" 22 19 1.118034
"365" 22 20 1.5811388
"366" 22 21 0.5
"367" 22 23 0.5
"368" 22 25 1.5
"369" 23 1 2.236068
"370" 23 2 2.0615528
"371" 23 3 2
"372" 23 4 2.0615528
"373" 23 5 2.236068
"374" 23 7 1.5811388
"375" 23 8 1.5
"376" 23 9 1.5811388
"377" 23 11 1.4142136
"378" 23 12 1.118034
"379" 23 13 1
"380" 23 14 1.118034
"381" 23 16 1.118034
"382" 23 17 0.7071068
"383" 23 18 0.5
"384" 23 19 0.7071068
"385" 23 20 1.118034
"386" 23 21 1
"387" 23 22 0.5
"388" 23 25 1
"389" 25 1 2.8284271
"390" 25 2 2.5
"391" 25 3 2.236068
"392" 25 4 2.0615528
"393" 25 5 2
"394" 25 7 2.1213203
"395" 25 8 1.8027756
"396" 25 9 1.5811388
"397" 25 11 2.236068
"398" 25 12 1.8027756
"399" 25 13 1.4142136
"400" 25 14 1.118034
"401" 25 16 2.0615528
"402" 25 17 1.5811388
"403" 25 18 1.118034
"404" 25 19 0.7071068
"405" 25 20 0.5
"406" 25 21 2
"407" 25 22 1.5
"408" 25 23 1
