"V1" "V2" "V3"
"1" 1 2 1
"2" 1 3 2
"3" 1 4 3
"4" 1 5 4
"5" 1 6 5
"6" 1 7 6
"7" 1 8 1
"8" 1 9 1.414214
"9" 1 10 2.236068
"10" 1 11 3.162278
"11" 1 12 4.123106
"12" 1 13 5.09902
"13" 1 14 6.082763
"14" 1 15 2
"15" 1 16 2.236068
"16" 1 17 2.828427
"17" 1 18 3.605551
"18" 1 19 4.472136
"19" 1 20 5.385165
"20" 1 21 6.324555
"21" 1 22 3
"22" 1 23 3.162278
"23" 1 24 3.605551
"24" 1 25 4.242641
"25" 1 26 5
"26" 1 27 5.830952
"27" 1 28 6.708204
"28" 1 29 4
"29" 1 30 4.123106
"30" 1 31 4.472136
"31" 1 32 5
"32" 1 33 5.656854
"33" 1 34 6.403124
"34" 1 35 7.211103
"35" 1 36 5
"36" 1 37 5.09902
"37" 1 38 5.385165
"38" 1 39 5.830952
"39" 1 40 6.403124
"40" 1 41 7.071068
"41" 1 42 7.81025
"42" 1 43 6
"43" 1 44 6.082763
"44" 1 45 6.324555
"45" 1 46 6.708204
"46" 1 47 7.211103
"47" 1 48 7.81025
"48" 1 49 8.485281
"49" 2 1 1
"50" 2 3 1
"51" 2 4 2
"52" 2 5 3
"53" 2 6 4
"54" 2 7 5
"55" 2 8 1.414214
"56" 2 9 1
"57" 2 10 1.414214
"58" 2 11 2.236068
"59" 2 12 3.162278
"60" 2 13 4.123106
"61" 2 14 5.09902
"62" 2 15 2.236068
"63" 2 16 2
"64" 2 17 2.236068
"65" 2 18 2.828427
"66" 2 19 3.605551
"67" 2 20 4.472136
"68" 2 21 5.385165
"69" 2 22 3.162278
"70" 2 23 3
"71" 2 24 3.162278
"72" 2 25 3.605551
"73" 2 26 4.242641
"74" 2 27 5
"75" 2 28 5.830952
"76" 2 29 4.123106
"77" 2 30 4
"78" 2 31 4.123106
"79" 2 32 4.472136
"80" 2 33 5
"81" 2 34 5.656854
"82" 2 35 6.403124
"83" 2 36 5.09902
"84" 2 37 5
"85" 2 38 5.09902
"86" 2 39 5.385165
"87" 2 40 5.830952
"88" 2 41 6.403124
"89" 2 42 7.071068
"90" 2 43 6.082763
"91" 2 44 6
"92" 2 45 6.082763
"93" 2 46 6.324555
"94" 2 47 6.708204
"95" 2 48 7.211103
"96" 2 49 7.81025
"97" 3 1 2
"98" 3 2 1
"99" 3 4 1
"100" 3 5 2
"101" 3 6 3
"102" 3 7 4
"103" 3 8 2.236068
"104" 3 9 1.414214
"105" 3 10 1
"106" 3 11 1.414214
"107" 3 12 2.236068
"108" 3 13 3.162278
"109" 3 14 4.123106
"110" 3 15 2.828427
"111" 3 16 2.236068
"112" 3 17 2
"113" 3 18 2.236068
"114" 3 19 2.828427
"115" 3 20 3.605551
"116" 3 21 4.472136
"117" 3 22 3.605551
"118" 3 23 3.162278
"119" 3 24 3
"120" 3 25 3.162278
"121" 3 26 3.605551
"122" 3 27 4.242641
"123" 3 28 5
"124" 3 29 4.472136
"125" 3 30 4.123106
"126" 3 31 4
"127" 3 32 4.123106
"128" 3 33 4.472136
"129" 3 34 5
"130" 3 35 5.656854
"131" 3 36 5.385165
"132" 3 37 5.09902
"133" 3 38 5
"134" 3 39 5.09902
"135" 3 40 5.385165
"136" 3 41 5.830952
"137" 3 42 6.403124
"138" 3 43 6.324555
"139" 3 44 6.082763
"140" 3 45 6
"141" 3 46 6.082763
"142" 3 47 6.324555
"143" 3 48 6.708204
"144" 3 49 7.211103
"145" 4 1 3
"146" 4 2 2
"147" 4 3 1
"148" 4 5 1
"149" 4 6 2
"150" 4 7 3
"151" 4 8 3.162278
"152" 4 9 2.236068
"153" 4 10 1.414214
"154" 4 11 1
"155" 4 12 1.414214
"156" 4 13 2.236068
"157" 4 14 3.162278
"158" 4 15 3.605551
"159" 4 16 2.828427
"160" 4 17 2.236068
"161" 4 18 2
"162" 4 19 2.236068
"163" 4 20 2.828427
"164" 4 21 3.605551
"165" 4 22 4.242641
"166" 4 23 3.605551
"167" 4 24 3.162278
"168" 4 25 3
"169" 4 26 3.162278
"170" 4 27 3.605551
"171" 4 28 4.242641
"172" 4 29 5
"173" 4 30 4.472136
"174" 4 31 4.123106
"175" 4 32 4
"176" 4 33 4.123106
"177" 4 34 4.472136
"178" 4 35 5
"179" 4 36 5.830952
"180" 4 37 5.385165
"181" 4 38 5.09902
"182" 4 39 5
"183" 4 40 5.09902
"184" 4 41 5.385165
"185" 4 42 5.830952
"186" 4 43 6.708204
"187" 4 44 6.324555
"188" 4 45 6.082763
"189" 4 46 6
"190" 4 47 6.082763
"191" 4 48 6.324555
"192" 4 49 6.708204
"193" 5 1 4
"194" 5 2 3
"195" 5 3 2
"196" 5 4 1
"197" 5 6 1
"198" 5 7 2
"199" 5 8 4.123106
"200" 5 9 3.162278
"201" 5 10 2.236068
"202" 5 11 1.414214
"203" 5 12 1
"204" 5 13 1.414214
"205" 5 14 2.236068
"206" 5 15 4.472136
"207" 5 16 3.605551
"208" 5 17 2.828427
"209" 5 18 2.236068
"210" 5 19 2
"211" 5 20 2.236068
"212" 5 21 2.828427
"213" 5 22 5
"214" 5 23 4.242641
"215" 5 24 3.605551
"216" 5 25 3.162278
"217" 5 26 3
"218" 5 27 3.162278
"219" 5 28 3.605551
"220" 5 29 5.656854
"221" 5 30 5
"222" 5 31 4.472136
"223" 5 32 4.123106
"224" 5 33 4
"225" 5 34 4.123106
"226" 5 35 4.472136
"227" 5 36 6.403124
"228" 5 37 5.830952
"229" 5 38 5.385165
"230" 5 39 5.09902
"231" 5 40 5
"232" 5 41 5.09902
"233" 5 42 5.385165
"234" 5 43 7.211103
"235" 5 44 6.708204
"236" 5 45 6.324555
"237" 5 46 6.082763
"238" 5 47 6
"239" 5 48 6.082763
"240" 5 49 6.324555
"241" 6 1 5
"242" 6 2 4
"243" 6 3 3
"244" 6 4 2
"245" 6 5 1
"246" 6 7 1
"247" 6 8 5.09902
"248" 6 9 4.123106
"249" 6 10 3.162278
"250" 6 11 2.236068
"251" 6 12 1.414214
"252" 6 13 1
"253" 6 14 1.414214
"254" 6 15 5.385165
"255" 6 16 4.472136
"256" 6 17 3.605551
"257" 6 18 2.828427
"258" 6 19 2.236068
"259" 6 20 2
"260" 6 21 2.236068
"261" 6 22 5.830952
"262" 6 23 5
"263" 6 24 4.242641
"264" 6 25 3.605551
"265" 6 26 3.162278
"266" 6 27 3
"267" 6 28 3.162278
"268" 6 29 6.403124
"269" 6 30 5.656854
"270" 6 31 5
"271" 6 32 4.472136
"272" 6 33 4.123106
"273" 6 34 4
"274" 6 35 4.123106
"275" 6 36 7.071068
"276" 6 37 6.403124
"277" 6 38 5.830952
"278" 6 39 5.385165
"279" 6 40 5.09902
"280" 6 41 5
"281" 6 42 5.09902
"282" 6 43 7.81025
"283" 6 44 7.211103
"284" 6 45 6.708204
"285" 6 46 6.324555
"286" 6 47 6.082763
"287" 6 48 6
"288" 6 49 6.082763
"289" 7 1 6
"290" 7 2 5
"291" 7 3 4
"292" 7 4 3
"293" 7 5 2
"294" 7 6 1
"295" 7 8 6.082763
"296" 7 9 5.09902
"297" 7 10 4.123106
"298" 7 11 3.162278
"299" 7 12 2.236068
"300" 7 13 1.414214
"301" 7 14 1
"302" 7 15 6.324555
"303" 7 16 5.385165
"304" 7 17 4.472136
"305" 7 18 3.605551
"306" 7 19 2.828427
"307" 7 20 2.236068
"308" 7 21 2
"309" 7 22 6.708204
"310" 7 23 5.830952
"311" 7 24 5
"312" 7 25 4.242641
"313" 7 26 3.605551
"314" 7 27 3.162278
"315" 7 28 3
"316" 7 29 7.211103
"317" 7 30 6.403124
"318" 7 31 5.656854
"319" 7 32 5
"320" 7 33 4.472136
"321" 7 34 4.123106
"322" 7 35 4
"323" 7 36 7.81025
"324" 7 37 7.071068
"325" 7 38 6.403124
"326" 7 39 5.830952
"327" 7 40 5.385165
"328" 7 41 5.09902
"329" 7 42 5
"330" 7 43 8.485281
"331" 7 44 7.81025
"332" 7 45 7.211103
"333" 7 46 6.708204
"334" 7 47 6.324555
"335" 7 48 6.082763
"336" 7 49 6
"337" 8 1 1
"338" 8 2 1.414214
"339" 8 3 2.236068
"340" 8 4 3.162278
"341" 8 5 4.123106
"342" 8 6 5.09902
"343" 8 7 6.082763
"344" 8 9 1
"345" 8 10 2
"346" 8 11 3
"347" 8 12 4
"348" 8 13 5
"349" 8 14 6
"350" 8 15 1
"351" 8 16 1.414214
"352" 8 17 2.236068
"353" 8 18 3.162278
"354" 8 19 4.123106
"355" 8 20 5.09902
"356" 8 21 6.082763
"357" 8 22 2
"358" 8 23 2.236068
"359" 8 24 2.828427
"360" 8 25 3.605551
"361" 8 26 4.472136
"362" 8 27 5.385165
"363" 8 28 6.324555
"364" 8 29 3
"365" 8 30 3.162278
"366" 8 31 3.605551
"367" 8 32 4.242641
"368" 8 33 5
"369" 8 34 5.830952
"370" 8 35 6.708204
"371" 8 36 4
"372" 8 37 4.123106
"373" 8 38 4.472136
"374" 8 39 5
"375" 8 40 5.656854
"376" 8 41 6.403124
"377" 8 42 7.211103
"378" 8 43 5
"379" 8 44 5.09902
"380" 8 45 5.385165
"381" 8 46 5.830952
"382" 8 47 6.403124
"383" 8 48 7.071068
"384" 8 49 7.81025
"385" 9 1 1.414214
"386" 9 2 1
"387" 9 3 1.414214
"388" 9 4 2.236068
"389" 9 5 3.162278
"390" 9 6 4.123106
"391" 9 7 5.09902
"392" 9 8 1
"393" 9 10 1
"394" 9 11 2
"395" 9 12 3
"396" 9 13 4
"397" 9 14 5
"398" 9 15 1.414214
"399" 9 16 1
"400" 9 17 1.414214
"401" 9 18 2.236068
"402" 9 19 3.162278
"403" 9 20 4.123106
"404" 9 21 5.09902
"405" 9 22 2.236068
"406" 9 23 2
"407" 9 24 2.236068
"408" 9 25 2.828427
"409" 9 26 3.605551
"410" 9 27 4.472136
"411" 9 28 5.385165
"412" 9 29 3.162278
"413" 9 30 3
"414" 9 31 3.162278
"415" 9 32 3.605551
"416" 9 33 4.242641
"417" 9 34 5
"418" 9 35 5.830952
"419" 9 36 4.123106
"420" 9 37 4
"421" 9 38 4.123106
"422" 9 39 4.472136
"423" 9 40 5
"424" 9 41 5.656854
"425" 9 42 6.403124
"426" 9 43 5.09902
"427" 9 44 5
"428" 9 45 5.09902
"429" 9 46 5.385165
"430" 9 47 5.830952
"431" 9 48 6.403124
"432" 9 49 7.071068
"433" 10 1 2.236068
"434" 10 2 1.414214
"435" 10 3 1
"436" 10 4 1.414214
"437" 10 5 2.236068
"438" 10 6 3.162278
"439" 10 7 4.123106
"440" 10 8 2
"441" 10 9 1
"442" 10 11 1
"443" 10 12 2
"444" 10 13 3
"445" 10 14 4
"446" 10 15 2.236068
"447" 10 16 1.414214
"448" 10 17 1
"449" 10 18 1.414214
"450" 10 19 2.236068
"451" 10 20 3.162278
"452" 10 21 4.123106
"453" 10 22 2.828427
"454" 10 23 2.236068
"455" 10 24 2
"456" 10 25 2.236068
"457" 10 26 2.828427
"458" 10 27 3.605551
"459" 10 28 4.472136
"460" 10 29 3.605551
"461" 10 30 3.162278
"462" 10 31 3
"463" 10 32 3.162278
"464" 10 33 3.605551
"465" 10 34 4.242641
"466" 10 35 5
"467" 10 36 4.472136
"468" 10 37 4.123106
"469" 10 38 4
"470" 10 39 4.123106
"471" 10 40 4.472136
"472" 10 41 5
"473" 10 42 5.656854
"474" 10 43 5.385165
"475" 10 44 5.09902
"476" 10 45 5
"477" 10 46 5.09902
"478" 10 47 5.385165
"479" 10 48 5.830952
"480" 10 49 6.403124
"481" 11 1 3.162278
"482" 11 2 2.236068
"483" 11 3 1.414214
"484" 11 4 1
"485" 11 5 1.414214
"486" 11 6 2.236068
"487" 11 7 3.162278
"488" 11 8 3
"489" 11 9 2
"490" 11 10 1
"491" 11 12 1
"492" 11 13 2
"493" 11 14 3
"494" 11 15 3.162278
"495" 11 16 2.236068
"496" 11 17 1.414214
"497" 11 18 1
"498" 11 19 1.414214
"499" 11 20 2.236068
"500" 11 21 3.162278
"501" 11 22 3.605551
"502" 11 23 2.828427
"503" 11 24 2.236068
"504" 11 25 2
"505" 11 26 2.236068
"506" 11 27 2.828427
"507" 11 28 3.605551
"508" 11 29 4.242641
"509" 11 30 3.605551
"510" 11 31 3.162278
"511" 11 32 3
"512" 11 33 3.162278
"513" 11 34 3.605551
"514" 11 35 4.242641
"515" 11 36 5
"516" 11 37 4.472136
"517" 11 38 4.123106
"518" 11 39 4
"519" 11 40 4.123106
"520" 11 41 4.472136
"521" 11 42 5
"522" 11 43 5.830952
"523" 11 44 5.385165
"524" 11 45 5.09902
"525" 11 46 5
"526" 11 47 5.09902
"527" 11 48 5.385165
"528" 11 49 5.830952
"529" 12 1 4.123106
"530" 12 2 3.162278
"531" 12 3 2.236068
"532" 12 4 1.414214
"533" 12 5 1
"534" 12 6 1.414214
"535" 12 7 2.236068
"536" 12 8 4
"537" 12 9 3
"538" 12 10 2
"539" 12 11 1
"540" 12 13 1
"541" 12 14 2
"542" 12 15 4.123106
"543" 12 16 3.162278
"544" 12 17 2.236068
"545" 12 18 1.414214
"546" 12 19 1
"547" 12 20 1.414214
"548" 12 21 2.236068
"549" 12 22 4.472136
"550" 12 23 3.605551
"551" 12 24 2.828427
"552" 12 25 2.236068
"553" 12 26 2
"554" 12 27 2.236068
"555" 12 28 2.828427
"556" 12 29 5
"557" 12 30 4.242641
"558" 12 31 3.605551
"559" 12 32 3.162278
"560" 12 33 3
"561" 12 34 3.162278
"562" 12 35 3.605551
"563" 12 36 5.656854
"564" 12 37 5
"565" 12 38 4.472136
"566" 12 39 4.123106
"567" 12 40 4
"568" 12 41 4.123106
"569" 12 42 4.472136
"570" 12 43 6.403124
"571" 12 44 5.830952
"572" 12 45 5.385165
"573" 12 46 5.09902
"574" 12 47 5
"575" 12 48 5.09902
"576" 12 49 5.385165
"577" 13 1 5.09902
"578" 13 2 4.123106
"579" 13 3 3.162278
"580" 13 4 2.236068
"581" 13 5 1.414214
"582" 13 6 1
"583" 13 7 1.414214
"584" 13 8 5
"585" 13 9 4
"586" 13 10 3
"587" 13 11 2
"588" 13 12 1
"589" 13 14 1
"590" 13 15 5.09902
"591" 13 16 4.123106
"592" 13 17 3.162278
"593" 13 18 2.236068
"594" 13 19 1.414214
"595" 13 21 1.414214
"596" 13 22 5.385165
"597" 13 23 4.472136
"598" 13 24 3.605551
"599" 13 25 2.828427
"600" 13 26 2.236068
"601" 13 27 2
"602" 13 28 2.236068
"603" 13 29 5.830952
"604" 13 30 5
"605" 13 31 4.242641
"606" 13 32 3.605551
"607" 13 33 3.162278
"608" 13 34 3
"609" 13 35 3.162278
"610" 13 36 6.403124
"611" 13 37 5.656854
"612" 13 38 5
"613" 13 39 4.472136
"614" 13 40 4.123106
"615" 13 41 4
"616" 13 42 4.123106
"617" 13 44 6.403124
"618" 13 45 5.830952
"619" 13 46 5.385165
"620" 13 47 5.09902
"621" 13 48 5
"622" 13 49 5.09902
"623" 14 1 6.082763
"624" 14 2 5.09902
"625" 14 3 4.123106
"626" 14 4 3.162278
"627" 14 5 2.236068
"628" 14 6 1.414214
"629" 14 7 1
"630" 14 8 6
"631" 14 9 5
"632" 14 10 4
"633" 14 11 3
"634" 14 12 2
"635" 14 13 1
"636" 14 15 6.082763
"637" 14 16 5.09902
"638" 14 17 4.123106
"639" 14 18 3.162278
"640" 14 19 2.236068
"641" 14 20 1.414214
"642" 14 21 1
"643" 14 22 6.324555
"644" 14 23 5.385165
"645" 14 24 4.472136
"646" 14 25 3.605551
"647" 14 26 2.828427
"648" 14 27 2.236068
"649" 14 28 2
"650" 14 29 6.708204
"651" 14 30 5.830952
"652" 14 31 5
"653" 14 32 4.242641
"654" 14 33 3.605551
"655" 14 34 3.162278
"656" 14 35 3
"657" 14 36 7.211103
"658" 14 37 6.403124
"659" 14 38 5.656854
"660" 14 39 5
"661" 14 40 4.472136
"662" 14 41 4.123106
"663" 14 42 4
"664" 14 43 7.81025
"665" 14 44 7.071068
"666" 14 45 6.403124
"667" 14 46 5.830952
"668" 14 47 5.385165
"669" 14 48 5.09902
"670" 14 49 5
"671" 15 1 2
"672" 15 2 2.236068
"673" 15 3 2.828427
"674" 15 4 3.605551
"675" 15 5 4.472136
"676" 15 6 5.385165
"677" 15 7 6.324555
"678" 15 8 1
"679" 15 9 1.414214
"680" 15 10 2.236068
"681" 15 11 3.162278
"682" 15 12 4.123106
"683" 15 13 5.09902
"684" 15 14 6.082763
"685" 15 16 1
"686" 15 17 2
"687" 15 18 3
"688" 15 19 4
"689" 15 20 5
"690" 15 21 6
"691" 15 22 1
"692" 15 23 1.414214
"693" 15 24 2.236068
"694" 15 25 3.162278
"695" 15 26 4.123106
"696" 15 27 5.09902
"697" 15 28 6.082763
"698" 15 29 2
"699" 15 30 2.236068
"700" 15 31 2.828427
"701" 15 32 3.605551
"702" 15 33 4.472136
"703" 15 34 5.385165
"704" 15 35 6.324555
"705" 15 36 3
"706" 15 37 3.162278
"707" 15 38 3.605551
"708" 15 39 4.242641
"709" 15 40 5
"710" 15 41 5.830952
"711" 15 42 6.708204
"712" 15 43 4
"713" 15 44 4.123106
"714" 15 45 4.472136
"715" 15 46 5
"716" 15 47 5.656854
"717" 15 48 6.403124
"718" 15 49 7.211103
"719" 16 1 2.236068
"720" 16 2 2
"721" 16 3 2.236068
"722" 16 4 2.828427
"723" 16 5 3.605551
"724" 16 6 4.472136
"725" 16 7 5.385165
"726" 16 8 1.414214
"727" 16 9 1
"728" 16 10 1.414214
"729" 16 11 2.236068
"730" 16 12 3.162278
"731" 16 13 4.123106
"732" 16 14 5.09902
"733" 16 15 1
"734" 16 17 1
"735" 16 18 2
"736" 16 19 3
"737" 16 20 4
"738" 16 21 5
"739" 16 22 1.414214
"740" 16 23 1
"741" 16 24 1.414214
"742" 16 25 2.236068
"743" 16 26 3.162278
"744" 16 27 4.123106
"745" 16 28 5.09902
"746" 16 29 2.236068
"747" 16 30 2
"748" 16 31 2.236068
"749" 16 32 2.828427
"750" 16 33 3.605551
"751" 16 34 4.472136
"752" 16 35 5.385165
"753" 16 36 3.162278
"754" 16 37 3
"755" 16 38 3.162278
"756" 16 39 3.605551
"757" 16 40 4.242641
"758" 16 41 5
"759" 16 42 5.830952
"760" 16 43 4.123106
"761" 16 44 4
"762" 16 45 4.123106
"763" 16 46 4.472136
"764" 16 47 5
"765" 16 48 5.656854
"766" 16 49 6.403124
"767" 17 1 2.828427
"768" 17 2 2.236068
"769" 17 3 2
"770" 17 4 2.236068
"771" 17 5 2.828427
"772" 17 6 3.605551
"773" 17 7 4.472136
"774" 17 8 2.236068
"775" 17 9 1.414214
"776" 17 10 1
"777" 17 11 1.414214
"778" 17 12 2.236068
"779" 17 13 3.162278
"780" 17 14 4.123106
"781" 17 15 2
"782" 17 16 1
"783" 17 18 1
"784" 17 19 2
"785" 17 20 3
"786" 17 21 4
"787" 17 22 2.236068
"788" 17 23 1.414214
"789" 17 24 1
"790" 17 25 1.414214
"791" 17 26 2.236068
"792" 17 27 3.162278
"793" 17 28 4.123106
"794" 17 29 2.828427
"795" 17 30 2.236068
"796" 17 31 2
"797" 17 32 2.236068
"798" 17 33 2.828427
"799" 17 34 3.605551
"800" 17 35 4.472136
"801" 17 36 3.605551
"802" 17 37 3.162278
"803" 17 38 3
"804" 17 39 3.162278
"805" 17 40 3.605551
"806" 17 41 4.242641
"807" 17 42 5
"808" 17 43 4.472136
"809" 17 44 4.123106
"810" 17 45 4
"811" 17 46 4.123106
"812" 17 47 4.472136
"813" 17 48 5
"814" 17 49 5.656854
"815" 18 1 3.605551
"816" 18 2 2.828427
"817" 18 3 2.236068
"818" 18 4 2
"819" 18 5 2.236068
"820" 18 6 2.828427
"821" 18 7 3.605551
"822" 18 8 3.162278
"823" 18 9 2.236068
"824" 18 10 1.414214
"825" 18 11 1
"826" 18 12 1.414214
"827" 18 13 2.236068
"828" 18 14 3.162278
"829" 18 15 3
"830" 18 16 2
"831" 18 17 1
"832" 18 19 1
"833" 18 20 2
"834" 18 21 3
"835" 18 22 3.162278
"836" 18 23 2.236068
"837" 18 24 1.414214
"838" 18 25 1
"839" 18 26 1.414214
"840" 18 27 2.236068
"841" 18 28 3.162278
"842" 18 29 3.605551
"843" 18 30 2.828427
"844" 18 31 2.236068
"845" 18 32 2
"846" 18 33 2.236068
"847" 18 34 2.828427
"848" 18 35 3.605551
"849" 18 36 4.242641
"850" 18 37 3.605551
"851" 18 38 3.162278
"852" 18 39 3
"853" 18 40 3.162278
"854" 18 41 3.605551
"855" 18 42 4.242641
"856" 18 43 5
"857" 18 44 4.472136
"858" 18 45 4.123106
"859" 18 46 4
"860" 18 47 4.123106
"861" 18 48 4.472136
"862" 18 49 5
"863" 19 1 4.472136
"864" 19 2 3.605551
"865" 19 3 2.828427
"866" 19 4 2.236068
"867" 19 5 2
"868" 19 6 2.236068
"869" 19 7 2.828427
"870" 19 8 4.123106
"871" 19 9 3.162278
"872" 19 10 2.236068
"873" 19 11 1.414214
"874" 19 12 1
"875" 19 13 1.414214
"876" 19 14 2.236068
"877" 19 15 4
"878" 19 16 3
"879" 19 17 2
"880" 19 18 1
"881" 19 20 1
"882" 19 21 2
"883" 19 22 4.123106
"884" 19 23 3.162278
"885" 19 24 2.236068
"886" 19 25 1.414214
"887" 19 26 1
"888" 19 27 1.414214
"889" 19 28 2.236068
"890" 19 29 4.472136
"891" 19 30 3.605551
"892" 19 31 2.828427
"893" 19 32 2.236068
"894" 19 33 2
"895" 19 34 2.236068
"896" 19 35 2.828427
"897" 19 36 5
"898" 19 37 4.242641
"899" 19 38 3.605551
"900" 19 39 3.162278
"901" 19 40 3
"902" 19 41 3.162278
"903" 19 42 3.605551
"904" 19 43 5.656854
"905" 19 44 5
"906" 19 45 4.472136
"907" 19 46 4.123106
"908" 19 47 4
"909" 19 48 4.123106
"910" 19 49 4.472136
"911" 20 1 5.385165
"912" 20 2 4.472136
"913" 20 3 3.605551
"914" 20 4 2.828427
"915" 20 5 2.236068
"916" 20 6 2
"917" 20 7 2.236068
"918" 20 8 5.09902
"919" 20 9 4.123106
"920" 20 10 3.162278
"921" 20 11 2.236068
"922" 20 12 1.414214
"923" 20 14 1.414214
"924" 20 15 5
"925" 20 16 4
"926" 20 17 3
"927" 20 18 2
"928" 20 19 1
"929" 20 21 1
"930" 20 22 5.09902
"931" 20 23 4.123106
"932" 20 24 3.162278
"933" 20 25 2.236068
"934" 20 26 1.414214
"935" 20 27 1
"936" 20 28 1.414214
"937" 20 29 5.385165
"938" 20 30 4.472136
"939" 20 31 3.605551
"940" 20 32 2.828427
"941" 20 33 2.236068
"942" 20 34 2
"943" 20 35 2.236068
"944" 20 36 5.830952
"945" 20 37 5
"946" 20 38 4.242641
"947" 20 39 3.605551
"948" 20 40 3.162278
"949" 20 41 3
"950" 20 42 3.162278
"951" 20 44 5.656854
"952" 20 45 5
"953" 20 46 4.472136
"954" 20 47 4.123106
"955" 20 48 4
"956" 20 49 4.123106
"957" 21 1 6.324555
"958" 21 2 5.385165
"959" 21 3 4.472136
"960" 21 4 3.605551
"961" 21 5 2.828427
"962" 21 6 2.236068
"963" 21 7 2
"964" 21 8 6.082763
"965" 21 9 5.09902
"966" 21 10 4.123106
"967" 21 11 3.162278
"968" 21 12 2.236068
"969" 21 13 1.414214
"970" 21 14 1
"971" 21 15 6
"972" 21 16 5
"973" 21 17 4
"974" 21 18 3
"975" 21 19 2
"976" 21 20 1
"977" 21 22 6.082763
"978" 21 23 5.09902
"979" 21 24 4.123106
"980" 21 25 3.162278
"981" 21 26 2.236068
"982" 21 27 1.414214
"983" 21 28 1
"984" 21 29 6.324555
"985" 21 30 5.385165
"986" 21 31 4.472136
"987" 21 32 3.605551
"988" 21 33 2.828427
"989" 21 34 2.236068
"990" 21 35 2
"991" 21 36 6.708204
"992" 21 37 5.830952
"993" 21 38 5
"994" 21 39 4.242641
"995" 21 40 3.605551
"996" 21 41 3.162278
"997" 21 42 3
"998" 21 43 7.211103
"999" 21 44 6.403124
"1000" 21 45 5.656854
"1001" 21 46 5
"1002" 21 47 4.472136
"1003" 21 48 4.123106
"1004" 21 49 4
"1005" 22 1 3
"1006" 22 2 3.162278
"1007" 22 3 3.605551
"1008" 22 4 4.242641
"1009" 22 5 5
"1010" 22 6 5.830952
"1011" 22 7 6.708204
"1012" 22 8 2
"1013" 22 9 2.236068
"1014" 22 10 2.828427
"1015" 22 11 3.605551
"1016" 22 12 4.472136
"1017" 22 13 5.385165
"1018" 22 14 6.324555
"1019" 22 15 1
"1020" 22 16 1.414214
"1021" 22 17 2.236068
"1022" 22 18 3.162278
"1023" 22 19 4.123106
"1024" 22 20 5.09902
"1025" 22 21 6.082763
"1026" 22 23 1
"1027" 22 24 2
"1028" 22 25 3
"1029" 22 26 4
"1030" 22 27 5
"1031" 22 28 6
"1032" 22 29 1
"1033" 22 30 1.414214
"1034" 22 31 2.236068
"1035" 22 32 3.162278
"1036" 22 33 4.123106
"1037" 22 34 5.09902
"1038" 22 35 6.082763
"1039" 22 36 2
"1040" 22 37 2.236068
"1041" 22 38 2.828427
"1042" 22 39 3.605551
"1043" 22 40 4.472136
"1044" 22 41 5.385165
"1045" 22 42 6.324555
"1046" 22 43 3
"1047" 22 44 3.162278
"1048" 22 45 3.605551
"1049" 22 46 4.242641
"1050" 22 47 5
"1051" 22 48 5.830952
"1052" 22 49 6.708204
"1053" 23 1 3.162278
"1054" 23 2 3
"1055" 23 3 3.162278
"1056" 23 4 3.605551
"1057" 23 5 4.242641
"1058" 23 6 5
"1059" 23 7 5.830952
"1060" 23 8 2.236068
"1061" 23 9 2
"1062" 23 10 2.236068
"1063" 23 11 2.828427
"1064" 23 12 3.605551
"1065" 23 13 4.472136
"1066" 23 14 5.385165
"1067" 23 15 1.414214
"1068" 23 16 1
"1069" 23 17 1.414214
"1070" 23 18 2.236068
"1071" 23 19 3.162278
"1072" 23 20 4.123106
"1073" 23 21 5.09902
"1074" 23 22 1
"1075" 23 24 1
"1076" 23 25 2
"1077" 23 26 3
"1078" 23 27 4
"1079" 23 28 5
"1080" 23 29 1.414214
"1081" 23 30 1
"1082" 23 31 1.414214
"1083" 23 32 2.236068
"1084" 23 33 3.162278
"1085" 23 34 4.123106
"1086" 23 35 5.09902
"1087" 23 36 2.236068
"1088" 23 37 2
"1089" 23 38 2.236068
"1090" 23 39 2.828427
"1091" 23 40 3.605551
"1092" 23 41 4.472136
"1093" 23 42 5.385165
"1094" 23 43 3.162278
"1095" 23 44 3
"1096" 23 45 3.162278
"1097" 23 46 3.605551
"1098" 23 47 4.242641
"1099" 23 48 5
"1100" 23 49 5.830952
"1101" 24 1 3.605551
"1102" 24 2 3.162278
"1103" 24 3 3
"1104" 24 4 3.162278
"1105" 24 5 3.605551
"1106" 24 6 4.242641
"1107" 24 7 5
"1108" 24 8 2.828427
"1109" 24 9 2.236068
"1110" 24 10 2
"1111" 24 11 2.236068
"1112" 24 12 2.828427
"1113" 24 13 3.605551
"1114" 24 14 4.472136
"1115" 24 15 2.236068
"1116" 24 16 1.414214
"1117" 24 17 1
"1118" 24 18 1.414214
"1119" 24 19 2.236068
"1120" 24 20 3.162278
"1121" 24 21 4.123106
"1122" 24 22 2
"1123" 24 23 1
"1124" 24 25 1
"1125" 24 26 2
"1126" 24 27 3
"1127" 24 28 4
"1128" 24 29 2.236068
"1129" 24 30 1.414214
"1130" 24 31 1
"1131" 24 32 1.414214
"1132" 24 33 2.236068
"1133" 24 34 3.162278
"1134" 24 35 4.123106
"1135" 24 36 2.828427
"1136" 24 37 2.236068
"1137" 24 38 2
"1138" 24 39 2.236068
"1139" 24 40 2.828427
"1140" 24 41 3.605551
"1141" 24 42 4.472136
"1142" 24 43 3.605551
"1143" 24 44 3.162278
"1144" 24 45 3
"1145" 24 46 3.162278
"1146" 24 47 3.605551
"1147" 24 48 4.242641
"1148" 24 49 5
"1149" 25 1 4.242641
"1150" 25 2 3.605551
"1151" 25 3 3.162278
"1152" 25 4 3
"1153" 25 5 3.162278
"1154" 25 6 3.605551
"1155" 25 7 4.242641
"1156" 25 8 3.605551
"1157" 25 9 2.828427
"1158" 25 10 2.236068
"1159" 25 11 2
"1160" 25 12 2.236068
"1161" 25 13 2.828427
"1162" 25 14 3.605551
"1163" 25 15 3.162278
"1164" 25 16 2.236068
"1165" 25 17 1.414214
"1166" 25 18 1
"1167" 25 19 1.414214
"1168" 25 20 2.236068
"1169" 25 21 3.162278
"1170" 25 22 3
"1171" 25 23 2
"1172" 25 24 1
"1173" 25 26 1
"1174" 25 27 2
"1175" 25 28 3
"1176" 25 29 3.162278
"1177" 25 30 2.236068
"1178" 25 31 1.414214
"1179" 25 32 1
"1180" 25 33 1.414214
"1181" 25 34 2.236068
"1182" 25 35 3.162278
"1183" 25 36 3.605551
"1184" 25 37 2.828427
"1185" 25 38 2.236068
"1186" 25 39 2
"1187" 25 40 2.236068
"1188" 25 41 2.828427
"1189" 25 42 3.605551
"1190" 25 43 4.242641
"1191" 25 44 3.605551
"1192" 25 45 3.162278
"1193" 25 46 3
"1194" 25 47 3.162278
"1195" 25 48 3.605551
"1196" 25 49 4.242641
"1197" 26 1 5
"1198" 26 2 4.242641
"1199" 26 3 3.605551
"1200" 26 4 3.162278
"1201" 26 5 3
"1202" 26 6 3.162278
"1203" 26 7 3.605551
"1204" 26 8 4.472136
"1205" 26 9 3.605551
"1206" 26 10 2.828427
"1207" 26 11 2.236068
"1208" 26 12 2
"1209" 26 13 2.236068
"1210" 26 14 2.828427
"1211" 26 15 4.123106
"1212" 26 16 3.162278
"1213" 26 17 2.236068
"1214" 26 18 1.414214
"1215" 26 19 1
"1216" 26 20 1.414214
"1217" 26 21 2.236068
"1218" 26 22 4
"1219" 26 23 3
"1220" 26 24 2
"1221" 26 25 1
"1222" 26 27 1
"1223" 26 28 2
"1224" 26 29 4.123106
"1225" 26 30 3.162278
"1226" 26 31 2.236068
"1227" 26 32 1.414214
"1228" 26 33 1
"1229" 26 34 1.414214
"1230" 26 35 2.236068
"1231" 26 36 4.472136
"1232" 26 37 3.605551
"1233" 26 38 2.828427
"1234" 26 39 2.236068
"1235" 26 40 2
"1236" 26 41 2.236068
"1237" 26 42 2.828427
"1238" 26 43 5
"1239" 26 44 4.242641
"1240" 26 45 3.605551
"1241" 26 46 3.162278
"1242" 26 47 3
"1243" 26 48 3.162278
"1244" 26 49 3.605551
"1245" 27 1 5.830952
"1246" 27 2 5
"1247" 27 3 4.242641
"1248" 27 4 3.605551
"1249" 27 5 3.162278
"1250" 27 6 3
"1251" 27 7 3.162278
"1252" 27 8 5.385165
"1253" 27 9 4.472136
"1254" 27 10 3.605551
"1255" 27 11 2.828427
"1256" 27 12 2.236068
"1257" 27 13 2
"1258" 27 14 2.236068
"1259" 27 15 5.09902
"1260" 27 16 4.123106
"1261" 27 17 3.162278
"1262" 27 18 2.236068
"1263" 27 19 1.414214
"1264" 27 20 1
"1265" 27 21 1.414214
"1266" 27 22 5
"1267" 27 23 4
"1268" 27 24 3
"1269" 27 25 2
"1270" 27 26 1
"1271" 27 28 1
"1272" 27 29 5.09902
"1273" 27 30 4.123106
"1274" 27 31 3.162278
"1275" 27 32 2.236068
"1276" 27 33 1.414214
"1277" 27 34 1
"1278" 27 35 1.414214
"1279" 27 36 5.385165
"1280" 27 37 4.472136
"1281" 27 38 3.605551
"1282" 27 39 2.828427
"1283" 27 40 2.236068
"1284" 27 41 2
"1285" 27 42 2.236068
"1286" 27 43 5.830952
"1287" 27 44 5
"1288" 27 45 4.242641
"1289" 27 46 3.605551
"1290" 27 47 3.162278
"1291" 27 48 3
"1292" 27 49 3.162278
"1293" 28 1 6.708204
"1294" 28 2 5.830952
"1295" 28 3 5
"1296" 28 4 4.242641
"1297" 28 5 3.605551
"1298" 28 6 3.162278
"1299" 28 7 3
"1300" 28 8 6.324555
"1301" 28 9 5.385165
"1302" 28 10 4.472136
"1303" 28 11 3.605551
"1304" 28 12 2.828427
"1305" 28 13 2.236068
"1306" 28 14 2
"1307" 28 15 6.082763
"1308" 28 16 5.09902
"1309" 28 17 4.123106
"1310" 28 18 3.162278
"1311" 28 19 2.236068
"1312" 28 20 1.414214
"1313" 28 21 1
"1314" 28 22 6
"1315" 28 23 5
"1316" 28 24 4
"1317" 28 25 3
"1318" 28 26 2
"1319" 28 27 1
"1320" 28 29 6.082763
"1321" 28 30 5.09902
"1322" 28 31 4.123106
"1323" 28 32 3.162278
"1324" 28 33 2.236068
"1325" 28 34 1.414214
"1326" 28 35 1
"1327" 28 36 6.324555
"1328" 28 37 5.385165
"1329" 28 38 4.472136
"1330" 28 39 3.605551
"1331" 28 40 2.828427
"1332" 28 41 2.236068
"1333" 28 42 2
"1334" 28 43 6.708204
"1335" 28 44 5.830952
"1336" 28 45 5
"1337" 28 46 4.242641
"1338" 28 47 3.605551
"1339" 28 48 3.162278
"1340" 28 49 3
"1341" 29 1 4
"1342" 29 2 4.123106
"1343" 29 3 4.472136
"1344" 29 4 5
"1345" 29 5 5.656854
"1346" 29 6 6.403124
"1347" 29 7 7.211103
"1348" 29 8 3
"1349" 29 9 3.162278
"1350" 29 10 3.605551
"1351" 29 11 4.242641
"1352" 29 12 5
"1353" 29 13 5.830952
"1354" 29 14 6.708204
"1355" 29 15 2
"1356" 29 16 2.236068
"1357" 29 17 2.828427
"1358" 29 18 3.605551
"1359" 29 19 4.472136
"1360" 29 20 5.385165
"1361" 29 21 6.324555
"1362" 29 22 1
"1363" 29 23 1.414214
"1364" 29 24 2.236068
"1365" 29 25 3.162278
"1366" 29 26 4.123106
"1367" 29 27 5.09902
"1368" 29 28 6.082763
"1369" 29 30 1
"1370" 29 31 2
"1371" 29 32 3
"1372" 29 33 4
"1373" 29 34 5
"1374" 29 35 6
"1375" 29 36 1
"1376" 29 37 1.414214
"1377" 29 38 2.236068
"1378" 29 39 3.162278
"1379" 29 40 4.123106
"1380" 29 41 5.09902
"1381" 29 42 6.082763
"1382" 29 43 2
"1383" 29 44 2.236068
"1384" 29 45 2.828427
"1385" 29 46 3.605551
"1386" 29 47 4.472136
"1387" 29 48 5.385165
"1388" 29 49 6.324555
"1389" 30 1 4.123106
"1390" 30 2 4
"1391" 30 3 4.123106
"1392" 30 4 4.472136
"1393" 30 5 5
"1394" 30 6 5.656854
"1395" 30 7 6.403124
"1396" 30 8 3.162278
"1397" 30 9 3
"1398" 30 10 3.162278
"1399" 30 11 3.605551
"1400" 30 12 4.242641
"1401" 30 13 5
"1402" 30 14 5.830952
"1403" 30 15 2.236068
"1404" 30 16 2
"1405" 30 17 2.236068
"1406" 30 18 2.828427
"1407" 30 19 3.605551
"1408" 30 20 4.472136
"1409" 30 21 5.385165
"1410" 30 22 1.414214
"1411" 30 23 1
"1412" 30 24 1.414214
"1413" 30 25 2.236068
"1414" 30 26 3.162278
"1415" 30 27 4.123106
"1416" 30 28 5.09902
"1417" 30 29 1
"1418" 30 31 1
"1419" 30 32 2
"1420" 30 33 3
"1421" 30 34 4
"1422" 30 35 5
"1423" 30 36 1.414214
"1424" 30 37 1
"1425" 30 38 1.414214
"1426" 30 39 2.236068
"1427" 30 40 3.162278
"1428" 30 41 4.123106
"1429" 30 42 5.09902
"1430" 30 43 2.236068
"1431" 30 44 2
"1432" 30 45 2.236068
"1433" 30 46 2.828427
"1434" 30 47 3.605551
"1435" 30 48 4.472136
"1436" 30 49 5.385165
"1437" 31 1 4.472136
"1438" 31 2 4.123106
"1439" 31 3 4
"1440" 31 4 4.123106
"1441" 31 5 4.472136
"1442" 31 6 5
"1443" 31 7 5.656854
"1444" 31 8 3.605551
"1445" 31 9 3.162278
"1446" 31 10 3
"1447" 31 11 3.162278
"1448" 31 12 3.605551
"1449" 31 13 4.242641
"1450" 31 14 5
"1451" 31 15 2.828427
"1452" 31 16 2.236068
"1453" 31 17 2
"1454" 31 18 2.236068
"1455" 31 19 2.828427
"1456" 31 20 3.605551
"1457" 31 21 4.472136
"1458" 31 22 2.236068
"1459" 31 23 1.414214
"1460" 31 24 1
"1461" 31 25 1.414214
"1462" 31 26 2.236068
"1463" 31 27 3.162278
"1464" 31 28 4.123106
"1465" 31 29 2
"1466" 31 30 1
"1467" 31 32 1
"1468" 31 33 2
"1469" 31 34 3
"1470" 31 35 4
"1471" 31 36 2.236068
"1472" 31 37 1.414214
"1473" 31 38 1
"1474" 31 39 1.414214
"1475" 31 40 2.236068
"1476" 31 41 3.162278
"1477" 31 42 4.123106
"1478" 31 43 2.828427
"1479" 31 44 2.236068
"1480" 31 45 2
"1481" 31 46 2.236068
"1482" 31 47 2.828427
"1483" 31 48 3.605551
"1484" 31 49 4.472136
"1485" 32 1 5
"1486" 32 2 4.472136
"1487" 32 3 4.123106
"1488" 32 4 4
"1489" 32 5 4.123106
"1490" 32 6 4.472136
"1491" 32 7 5
"1492" 32 8 4.242641
"1493" 32 9 3.605551
"1494" 32 10 3.162278
"1495" 32 11 3
"1496" 32 12 3.162278
"1497" 32 13 3.605551
"1498" 32 14 4.242641
"1499" 32 15 3.605551
"1500" 32 16 2.828427
"1501" 32 17 2.236068
"1502" 32 18 2
"1503" 32 19 2.236068
"1504" 32 20 2.828427
"1505" 32 21 3.605551
"1506" 32 22 3.162278
"1507" 32 23 2.236068
"1508" 32 24 1.414214
"1509" 32 25 1
"1510" 32 26 1.414214
"1511" 32 27 2.236068
"1512" 32 28 3.162278
"1513" 32 29 3
"1514" 32 30 2
"1515" 32 31 1
"1516" 32 33 1
"1517" 32 34 2
"1518" 32 35 3
"1519" 32 36 3.162278
"1520" 32 37 2.236068
"1521" 32 38 1.414214
"1522" 32 39 1
"1523" 32 40 1.414214
"1524" 32 41 2.236068
"1525" 32 42 3.162278
"1526" 32 43 3.605551
"1527" 32 44 2.828427
"1528" 32 45 2.236068
"1529" 32 46 2
"1530" 32 47 2.236068
"1531" 32 48 2.828427
"1532" 32 49 3.605551
"1533" 33 1 5.656854
"1534" 33 2 5
"1535" 33 3 4.472136
"1536" 33 4 4.123106
"1537" 33 5 4
"1538" 33 6 4.123106
"1539" 33 7 4.472136
"1540" 33 8 5
"1541" 33 9 4.242641
"1542" 33 10 3.605551
"1543" 33 11 3.162278
"1544" 33 12 3
"1545" 33 13 3.162278
"1546" 33 14 3.605551
"1547" 33 15 4.472136
"1548" 33 16 3.605551
"1549" 33 17 2.828427
"1550" 33 18 2.236068
"1551" 33 19 2
"1552" 33 20 2.236068
"1553" 33 21 2.828427
"1554" 33 22 4.123106
"1555" 33 23 3.162278
"1556" 33 24 2.236068
"1557" 33 25 1.414214
"1558" 33 26 1
"1559" 33 27 1.414214
"1560" 33 28 2.236068
"1561" 33 29 4
"1562" 33 30 3
"1563" 33 31 2
"1564" 33 32 1
"1565" 33 34 1
"1566" 33 35 2
"1567" 33 36 4.123106
"1568" 33 37 3.162278
"1569" 33 38 2.236068
"1570" 33 39 1.414214
"1571" 33 40 1
"1572" 33 41 1.414214
"1573" 33 42 2.236068
"1574" 33 43 4.472136
"1575" 33 44 3.605551
"1576" 33 45 2.828427
"1577" 33 46 2.236068
"1578" 33 47 2
"1579" 33 48 2.236068
"1580" 33 49 2.828427
"1581" 34 1 6.403124
"1582" 34 2 5.656854
"1583" 34 3 5
"1584" 34 4 4.472136
"1585" 34 5 4.123106
"1586" 34 6 4
"1587" 34 7 4.123106
"1588" 34 8 5.830952
"1589" 34 9 5
"1590" 34 10 4.242641
"1591" 34 11 3.605551
"1592" 34 12 3.162278
"1593" 34 13 3
"1594" 34 14 3.162278
"1595" 34 15 5.385165
"1596" 34 16 4.472136
"1597" 34 17 3.605551
"1598" 34 18 2.828427
"1599" 34 19 2.236068
"1600" 34 20 2
"1601" 34 21 2.236068
"1602" 34 22 5.09902
"1603" 34 23 4.123106
"1604" 34 24 3.162278
"1605" 34 25 2.236068
"1606" 34 26 1.414214
"1607" 34 27 1
"1608" 34 28 1.414214
"1609" 34 29 5
"1610" 34 30 4
"1611" 34 31 3
"1612" 34 32 2
"1613" 34 33 1
"1614" 34 35 1
"1615" 34 36 5.09902
"1616" 34 37 4.123106
"1617" 34 38 3.162278
"1618" 34 39 2.236068
"1619" 34 40 1.414214
"1620" 34 41 1
"1621" 34 42 1.414214
"1622" 34 43 5.385165
"1623" 34 44 4.472136
"1624" 34 45 3.605551
"1625" 34 46 2.828427
"1626" 34 47 2.236068
"1627" 34 48 2
"1628" 34 49 2.236068
"1629" 35 1 7.211103
"1630" 35 2 6.403124
"1631" 35 3 5.656854
"1632" 35 4 5
"1633" 35 5 4.472136
"1634" 35 6 4.123106
"1635" 35 7 4
"1636" 35 8 6.708204
"1637" 35 9 5.830952
"1638" 35 10 5
"1639" 35 11 4.242641
"1640" 35 12 3.605551
"1641" 35 13 3.162278
"1642" 35 14 3
"1643" 35 15 6.324555
"1644" 35 16 5.385165
"1645" 35 17 4.472136
"1646" 35 18 3.605551
"1647" 35 19 2.828427
"1648" 35 20 2.236068
"1649" 35 21 2
"1650" 35 22 6.082763
"1651" 35 23 5.09902
"1652" 35 24 4.123106
"1653" 35 25 3.162278
"1654" 35 26 2.236068
"1655" 35 27 1.414214
"1656" 35 28 1
"1657" 35 29 6
"1658" 35 30 5
"1659" 35 31 4
"1660" 35 32 3
"1661" 35 33 2
"1662" 35 34 1
"1663" 35 36 6.082763
"1664" 35 37 5.09902
"1665" 35 38 4.123106
"1666" 35 39 3.162278
"1667" 35 40 2.236068
"1668" 35 41 1.414214
"1669" 35 42 1
"1670" 35 43 6.324555
"1671" 35 44 5.385165
"1672" 35 45 4.472136
"1673" 35 46 3.605551
"1674" 35 47 2.828427
"1675" 35 48 2.236068
"1676" 35 49 2
"1677" 36 1 5
"1678" 36 2 5.09902
"1679" 36 3 5.385165
"1680" 36 4 5.830952
"1681" 36 5 6.403124
"1682" 36 6 7.071068
"1683" 36 7 7.81025
"1684" 36 8 4
"1685" 36 9 4.123106
"1686" 36 10 4.472136
"1687" 36 11 5
"1688" 36 12 5.656854
"1689" 36 13 6.403124
"1690" 36 14 7.211103
"1691" 36 15 3
"1692" 36 16 3.162278
"1693" 36 17 3.605551
"1694" 36 18 4.242641
"1695" 36 19 5
"1696" 36 20 5.830952
"1697" 36 21 6.708204
"1698" 36 22 2
"1699" 36 23 2.236068
"1700" 36 24 2.828427
"1701" 36 25 3.605551
"1702" 36 26 4.472136
"1703" 36 27 5.385165
"1704" 36 28 6.324555
"1705" 36 29 1
"1706" 36 30 1.414214
"1707" 36 31 2.236068
"1708" 36 32 3.162278
"1709" 36 33 4.123106
"1710" 36 34 5.09902
"1711" 36 35 6.082763
"1712" 36 37 1
"1713" 36 38 2
"1714" 36 39 3
"1715" 36 40 4
"1716" 36 41 5
"1717" 36 42 6
"1718" 36 43 1
"1719" 36 44 1.414214
"1720" 36 45 2.236068
"1721" 36 46 3.162278
"1722" 36 47 4.123106
"1723" 36 48 5.09902
"1724" 36 49 6.082763
"1725" 37 1 5.09902
"1726" 37 2 5
"1727" 37 3 5.09902
"1728" 37 4 5.385165
"1729" 37 5 5.830952
"1730" 37 6 6.403124
"1731" 37 7 7.071068
"1732" 37 8 4.123106
"1733" 37 9 4
"1734" 37 10 4.123106
"1735" 37 11 4.472136
"1736" 37 12 5
"1737" 37 13 5.656854
"1738" 37 14 6.403124
"1739" 37 15 3.162278
"1740" 37 16 3
"1741" 37 17 3.162278
"1742" 37 18 3.605551
"1743" 37 19 4.242641
"1744" 37 20 5
"1745" 37 21 5.830952
"1746" 37 22 2.236068
"1747" 37 23 2
"1748" 37 24 2.236068
"1749" 37 25 2.828427
"1750" 37 26 3.605551
"1751" 37 27 4.472136
"1752" 37 28 5.385165
"1753" 37 29 1.414214
"1754" 37 30 1
"1755" 37 31 1.414214
"1756" 37 32 2.236068
"1757" 37 33 3.162278
"1758" 37 34 4.123106
"1759" 37 35 5.09902
"1760" 37 36 1
"1761" 37 38 1
"1762" 37 39 2
"1763" 37 40 3
"1764" 37 41 4
"1765" 37 42 5
"1766" 37 43 1.414214
"1767" 37 44 1
"1768" 37 45 1.414214
"1769" 37 46 2.236068
"1770" 37 47 3.162278
"1771" 37 48 4.123106
"1772" 37 49 5.09902
"1773" 38 1 5.385165
"1774" 38 2 5.09902
"1775" 38 3 5
"1776" 38 4 5.09902
"1777" 38 5 5.385165
"1778" 38 6 5.830952
"1779" 38 7 6.403124
"1780" 38 8 4.472136
"1781" 38 9 4.123106
"1782" 38 10 4
"1783" 38 11 4.123106
"1784" 38 12 4.472136
"1785" 38 13 5
"1786" 38 14 5.656854
"1787" 38 15 3.605551
"1788" 38 16 3.162278
"1789" 38 17 3
"1790" 38 18 3.162278
"1791" 38 19 3.605551
"1792" 38 20 4.242641
"1793" 38 21 5
"1794" 38 22 2.828427
"1795" 38 23 2.236068
"1796" 38 24 2
"1797" 38 25 2.236068
"1798" 38 26 2.828427
"1799" 38 27 3.605551
"1800" 38 28 4.472136
"1801" 38 29 2.236068
"1802" 38 30 1.414214
"1803" 38 31 1
"1804" 38 32 1.414214
"1805" 38 33 2.236068
"1806" 38 34 3.162278
"1807" 38 35 4.123106
"1808" 38 36 2
"1809" 38 37 1
"1810" 38 39 1
"1811" 38 40 2
"1812" 38 41 3
"1813" 38 42 4
"1814" 38 43 2.236068
"1815" 38 44 1.414214
"1816" 38 45 1
"1817" 38 46 1.414214
"1818" 38 47 2.236068
"1819" 38 48 3.162278
"1820" 38 49 4.123106
"1821" 39 1 5.830952
"1822" 39 2 5.385165
"1823" 39 3 5.09902
"1824" 39 4 5
"1825" 39 5 5.09902
"1826" 39 6 5.385165
"1827" 39 7 5.830952
"1828" 39 8 5
"1829" 39 9 4.472136
"1830" 39 10 4.123106
"1831" 39 11 4
"1832" 39 12 4.123106
"1833" 39 13 4.472136
"1834" 39 14 5
"1835" 39 15 4.242641
"1836" 39 16 3.605551
"1837" 39 17 3.162278
"1838" 39 18 3
"1839" 39 19 3.162278
"1840" 39 20 3.605551
"1841" 39 21 4.242641
"1842" 39 22 3.605551
"1843" 39 23 2.828427
"1844" 39 24 2.236068
"1845" 39 25 2
"1846" 39 26 2.236068
"1847" 39 27 2.828427
"1848" 39 28 3.605551
"1849" 39 29 3.162278
"1850" 39 30 2.236068
"1851" 39 31 1.414214
"1852" 39 32 1
"1853" 39 33 1.414214
"1854" 39 34 2.236068
"1855" 39 35 3.162278
"1856" 39 36 3
"1857" 39 37 2
"1858" 39 38 1
"1859" 39 40 1
"1860" 39 41 2
"1861" 39 42 3
"1862" 39 43 3.162278
"1863" 39 44 2.236068
"1864" 39 45 1.414214
"1865" 39 46 1
"1866" 39 47 1.414214
"1867" 39 48 2.236068
"1868" 39 49 3.162278
"1869" 40 1 6.403124
"1870" 40 2 5.830952
"1871" 40 3 5.385165
"1872" 40 4 5.09902
"1873" 40 5 5
"1874" 40 6 5.09902
"1875" 40 7 5.385165
"1876" 40 8 5.656854
"1877" 40 9 5
"1878" 40 10 4.472136
"1879" 40 11 4.123106
"1880" 40 12 4
"1881" 40 13 4.123106
"1882" 40 14 4.472136
"1883" 40 15 5
"1884" 40 16 4.242641
"1885" 40 17 3.605551
"1886" 40 18 3.162278
"1887" 40 19 3
"1888" 40 20 3.162278
"1889" 40 21 3.605551
"1890" 40 22 4.472136
"1891" 40 23 3.605551
"1892" 40 24 2.828427
"1893" 40 25 2.236068
"1894" 40 26 2
"1895" 40 27 2.236068
"1896" 40 28 2.828427
"1897" 40 29 4.123106
"1898" 40 30 3.162278
"1899" 40 31 2.236068
"1900" 40 32 1.414214
"1901" 40 33 1
"1902" 40 34 1.414214
"1903" 40 35 2.236068
"1904" 40 36 4
"1905" 40 37 3
"1906" 40 38 2
"1907" 40 39 1
"1908" 40 41 1
"1909" 40 42 2
"1910" 40 43 4.123106
"1911" 40 44 3.162278
"1912" 40 45 2.236068
"1913" 40 46 1.414214
"1914" 40 47 1
"1915" 40 48 1.414214
"1916" 40 49 2.236068
"1917" 41 1 7.071068
"1918" 41 2 6.403124
"1919" 41 3 5.830952
"1920" 41 4 5.385165
"1921" 41 5 5.09902
"1922" 41 6 5
"1923" 41 7 5.09902
"1924" 41 8 6.403124
"1925" 41 9 5.656854
"1926" 41 10 5
"1927" 41 11 4.472136
"1928" 41 12 4.123106
"1929" 41 13 4
"1930" 41 14 4.123106
"1931" 41 15 5.830952
"1932" 41 16 5
"1933" 41 17 4.242641
"1934" 41 18 3.605551
"1935" 41 19 3.162278
"1936" 41 20 3
"1937" 41 21 3.162278
"1938" 41 22 5.385165
"1939" 41 23 4.472136
"1940" 41 24 3.605551
"1941" 41 25 2.828427
"1942" 41 26 2.236068
"1943" 41 27 2
"1944" 41 28 2.236068
"1945" 41 29 5.09902
"1946" 41 30 4.123106
"1947" 41 31 3.162278
"1948" 41 32 2.236068
"1949" 41 33 1.414214
"1950" 41 34 1
"1951" 41 35 1.414214
"1952" 41 36 5
"1953" 41 37 4
"1954" 41 38 3
"1955" 41 39 2
"1956" 41 40 1
"1957" 41 42 1
"1958" 41 43 5.09902
"1959" 41 44 4.123106
"1960" 41 45 3.162278
"1961" 41 46 2.236068
"1962" 41 47 1.414214
"1963" 41 48 1
"1964" 41 49 1.414214
"1965" 42 1 7.81025
"1966" 42 2 7.071068
"1967" 42 3 6.403124
"1968" 42 4 5.830952
"1969" 42 5 5.385165
"1970" 42 6 5.09902
"1971" 42 7 5
"1972" 42 8 7.211103
"1973" 42 9 6.403124
"1974" 42 10 5.656854
"1975" 42 11 5
"1976" 42 12 4.472136
"1977" 42 13 4.123106
"1978" 42 14 4
"1979" 42 15 6.708204
"1980" 42 16 5.830952
"1981" 42 17 5
"1982" 42 18 4.242641
"1983" 42 19 3.605551
"1984" 42 20 3.162278
"1985" 42 21 3
"1986" 42 22 6.324555
"1987" 42 23 5.385165
"1988" 42 24 4.472136
"1989" 42 25 3.605551
"1990" 42 26 2.828427
"1991" 42 27 2.236068
"1992" 42 28 2
"1993" 42 29 6.082763
"1994" 42 30 5.09902
"1995" 42 31 4.123106
"1996" 42 32 3.162278
"1997" 42 33 2.236068
"1998" 42 34 1.414214
"1999" 42 35 1
"2000" 42 36 6
"2001" 42 37 5
"2002" 42 38 4
"2003" 42 39 3
"2004" 42 40 2
"2005" 42 41 1
"2006" 42 43 6.082763
"2007" 42 44 5.09902
"2008" 42 45 4.123106
"2009" 42 46 3.162278
"2010" 42 47 2.236068
"2011" 42 48 1.414214
"2012" 42 49 1
"2013" 43 1 6
"2014" 43 2 6.082763
"2015" 43 3 6.324555
"2016" 43 4 6.708204
"2017" 43 5 7.211103
"2018" 43 6 7.81025
"2019" 43 7 8.485281
"2020" 43 8 5
"2021" 43 9 5.09902
"2022" 43 10 5.385165
"2023" 43 11 5.830952
"2024" 43 12 6.403124
"2025" 43 14 7.81025
"2026" 43 15 4
"2027" 43 16 4.123106
"2028" 43 17 4.472136
"2029" 43 18 5
"2030" 43 19 5.656854
"2031" 43 21 7.211103
"2032" 43 22 3
"2033" 43 23 3.162278
"2034" 43 24 3.605551
"2035" 43 25 4.242641
"2036" 43 26 5
"2037" 43 27 5.830952
"2038" 43 28 6.708204
"2039" 43 29 2
"2040" 43 30 2.236068
"2041" 43 31 2.828427
"2042" 43 32 3.605551
"2043" 43 33 4.472136
"2044" 43 34 5.385165
"2045" 43 35 6.324555
"2046" 43 36 1
"2047" 43 37 1.414214
"2048" 43 38 2.236068
"2049" 43 39 3.162278
"2050" 43 40 4.123106
"2051" 43 41 5.09902
"2052" 43 42 6.082763
"2053" 43 44 1
"2054" 43 45 2
"2055" 43 46 3
"2056" 43 47 4
"2057" 43 48 5
"2058" 43 49 6
"2059" 44 1 6.082763
"2060" 44 2 6
"2061" 44 3 6.082763
"2062" 44 4 6.324555
"2063" 44 5 6.708204
"2064" 44 6 7.211103
"2065" 44 7 7.81025
"2066" 44 8 5.09902
"2067" 44 9 5
"2068" 44 10 5.09902
"2069" 44 11 5.385165
"2070" 44 12 5.830952
"2071" 44 13 6.403124
"2072" 44 14 7.071068
"2073" 44 15 4.123106
"2074" 44 16 4
"2075" 44 17 4.123106
"2076" 44 18 4.472136
"2077" 44 19 5
"2078" 44 20 5.656854
"2079" 44 21 6.403124
"2080" 44 22 3.162278
"2081" 44 23 3
"2082" 44 24 3.162278
"2083" 44 25 3.605551
"2084" 44 26 4.242641
"2085" 44 27 5
"2086" 44 28 5.830952
"2087" 44 29 2.236068
"2088" 44 30 2
"2089" 44 31 2.236068
"2090" 44 32 2.828427
"2091" 44 33 3.605551
"2092" 44 34 4.472136
"2093" 44 35 5.385165
"2094" 44 36 1.414214
"2095" 44 37 1
"2096" 44 38 1.414214
"2097" 44 39 2.236068
"2098" 44 40 3.162278
"2099" 44 41 4.123106
"2100" 44 42 5.09902
"2101" 44 43 1
"2102" 44 45 1
"2103" 44 46 2
"2104" 44 47 3
"2105" 44 48 4
"2106" 44 49 5
"2107" 45 1 6.324555
"2108" 45 2 6.082763
"2109" 45 3 6
"2110" 45 4 6.082763
"2111" 45 5 6.324555
"2112" 45 6 6.708204
"2113" 45 7 7.211103
"2114" 45 8 5.385165
"2115" 45 9 5.09902
"2116" 45 10 5
"2117" 45 11 5.09902
"2118" 45 12 5.385165
"2119" 45 13 5.830952
"2120" 45 14 6.403124
"2121" 45 15 4.472136
"2122" 45 16 4.123106
"2123" 45 17 4
"2124" 45 18 4.123106
"2125" 45 19 4.472136
"2126" 45 20 5
"2127" 45 21 5.656854
"2128" 45 22 3.605551
"2129" 45 23 3.162278
"2130" 45 24 3
"2131" 45 25 3.162278
"2132" 45 26 3.605551
"2133" 45 27 4.242641
"2134" 45 28 5
"2135" 45 29 2.828427
"2136" 45 30 2.236068
"2137" 45 31 2
"2138" 45 32 2.236068
"2139" 45 33 2.828427
"2140" 45 34 3.605551
"2141" 45 35 4.472136
"2142" 45 36 2.236068
"2143" 45 37 1.414214
"2144" 45 38 1
"2145" 45 39 1.414214
"2146" 45 40 2.236068
"2147" 45 41 3.162278
"2148" 45 42 4.123106
"2149" 45 43 2
"2150" 45 44 1
"2151" 45 46 1
"2152" 45 47 2
"2153" 45 48 3
"2154" 45 49 4
"2155" 46 1 6.708204
"2156" 46 2 6.324555
"2157" 46 3 6.082763
"2158" 46 4 6
"2159" 46 5 6.082763
"2160" 46 6 6.324555
"2161" 46 7 6.708204
"2162" 46 8 5.830952
"2163" 46 9 5.385165
"2164" 46 10 5.09902
"2165" 46 11 5
"2166" 46 12 5.09902
"2167" 46 13 5.385165
"2168" 46 14 5.830952
"2169" 46 15 5
"2170" 46 16 4.472136
"2171" 46 17 4.123106
"2172" 46 18 4
"2173" 46 19 4.123106
"2174" 46 20 4.472136
"2175" 46 21 5
"2176" 46 22 4.242641
"2177" 46 23 3.605551
"2178" 46 24 3.162278
"2179" 46 25 3
"2180" 46 26 3.162278
"2181" 46 27 3.605551
"2182" 46 28 4.242641
"2183" 46 29 3.605551
"2184" 46 30 2.828427
"2185" 46 31 2.236068
"2186" 46 32 2
"2187" 46 33 2.236068
"2188" 46 34 2.828427
"2189" 46 35 3.605551
"2190" 46 36 3.162278
"2191" 46 37 2.236068
"2192" 46 38 1.414214
"2193" 46 39 1
"2194" 46 40 1.414214
"2195" 46 41 2.236068
"2196" 46 42 3.162278
"2197" 46 43 3
"2198" 46 44 2
"2199" 46 45 1
"2200" 46 47 1
"2201" 46 48 2
"2202" 46 49 3
"2203" 47 1 7.211103
"2204" 47 2 6.708204
"2205" 47 3 6.324555
"2206" 47 4 6.082763
"2207" 47 5 6
"2208" 47 6 6.082763
"2209" 47 7 6.324555
"2210" 47 8 6.403124
"2211" 47 9 5.830952
"2212" 47 10 5.385165
"2213" 47 11 5.09902
"2214" 47 12 5
"2215" 47 13 5.09902
"2216" 47 14 5.385165
"2217" 47 15 5.656854
"2218" 47 16 5
"2219" 47 17 4.472136
"2220" 47 18 4.123106
"2221" 47 19 4
"2222" 47 20 4.123106
"2223" 47 21 4.472136
"2224" 47 22 5
"2225" 47 23 4.242641
"2226" 47 24 3.605551
"2227" 47 25 3.162278
"2228" 47 26 3
"2229" 47 27 3.162278
"2230" 47 28 3.605551
"2231" 47 29 4.472136
"2232" 47 30 3.605551
"2233" 47 31 2.828427
"2234" 47 32 2.236068
"2235" 47 33 2
"2236" 47 34 2.236068
"2237" 47 35 2.828427
"2238" 47 36 4.123106
"2239" 47 37 3.162278
"2240" 47 38 2.236068
"2241" 47 39 1.414214
"2242" 47 40 1
"2243" 47 41 1.414214
"2244" 47 42 2.236068
"2245" 47 43 4
"2246" 47 44 3
"2247" 47 45 2
"2248" 47 46 1
"2249" 47 48 1
"2250" 47 49 2
"2251" 48 1 7.81025
"2252" 48 2 7.211103
"2253" 48 3 6.708204
"2254" 48 4 6.324555
"2255" 48 5 6.082763
"2256" 48 6 6
"2257" 48 7 6.082763
"2258" 48 8 7.071068
"2259" 48 9 6.403124
"2260" 48 10 5.830952
"2261" 48 11 5.385165
"2262" 48 12 5.09902
"2263" 48 13 5
"2264" 48 14 5.09902
"2265" 48 15 6.403124
"2266" 48 16 5.656854
"2267" 48 17 5
"2268" 48 18 4.472136
"2269" 48 19 4.123106
"2270" 48 20 4
"2271" 48 21 4.123106
"2272" 48 22 5.830952
"2273" 48 23 5
"2274" 48 24 4.242641
"2275" 48 25 3.605551
"2276" 48 26 3.162278
"2277" 48 27 3
"2278" 48 28 3.162278
"2279" 48 29 5.385165
"2280" 48 30 4.472136
"2281" 48 31 3.605551
"2282" 48 32 2.828427
"2283" 48 33 2.236068
"2284" 48 34 2
"2285" 48 35 2.236068
"2286" 48 36 5.09902
"2287" 48 37 4.123106
"2288" 48 38 3.162278
"2289" 48 39 2.236068
"2290" 48 40 1.414214
"2291" 48 41 1
"2292" 48 42 1.414214
"2293" 48 43 5
"2294" 48 44 4
"2295" 48 45 3
"2296" 48 46 2
"2297" 48 47 1
"2298" 48 49 1
"2299" 49 1 8.485281
"2300" 49 2 7.81025
"2301" 49 3 7.211103
"2302" 49 4 6.708204
"2303" 49 5 6.324555
"2304" 49 6 6.082763
"2305" 49 7 6
"2306" 49 8 7.81025
"2307" 49 9 7.071068
"2308" 49 10 6.403124
"2309" 49 11 5.830952
"2310" 49 12 5.385165
"2311" 49 13 5.09902
"2312" 49 14 5
"2313" 49 15 7.211103
"2314" 49 16 6.403124
"2315" 49 17 5.656854
"2316" 49 18 5
"2317" 49 19 4.472136
"2318" 49 20 4.123106
"2319" 49 21 4
"2320" 49 22 6.708204
"2321" 49 23 5.830952
"2322" 49 24 5
"2323" 49 25 4.242641
"2324" 49 26 3.605551
"2325" 49 27 3.162278
"2326" 49 28 3
"2327" 49 29 6.324555
"2328" 49 30 5.385165
"2329" 49 31 4.472136
"2330" 49 32 3.605551
"2331" 49 33 2.828427
"2332" 49 34 2.236068
"2333" 49 35 2
"2334" 49 36 6.082763
"2335" 49 37 5.09902
"2336" 49 38 4.123106
"2337" 49 39 3.162278
"2338" 49 40 2.236068
"2339" 49 41 1.414214
"2340" 49 42 1
"2341" 49 43 6
"2342" 49 44 5
"2343" 49 45 4
"2344" 49 46 3
"2345" 49 47 2
"2346" 49 48 1
